1.0 1.0
1.1 1.0
1.2 1.0
1.3 1.0
1.4 1.0
1.5 1.0
1.6 1.0
1.7 1.0
1.8 1.0
1.9 1.0
2.0 1.0
2.1 1.0
2.2 1.0
2.3 1.0
2.4 1.0
2.5 1.0
2.6 1.0
2.7 1.0
2.8 1.0
2.9 1.0
3.0 1.0
3.1 1.0
3.2 1.0
3.3 1.0
3.4 0.9933333333333333
3.5 0.9933333333333333
3.6 0.9733333333333334
3.7 0.9733333333333334
3.8 0.8533333333333334
3.9 0.8666666666666667
4.0 0.8066666666666666
4.1 0.64
4.2 0.6133333333333333
4.3 0.5066666666666667
4.4 0.32
4.5 0.4
4.6 0.2866666666666667
4.7 0.19333333333333333
4.8 0.16666666666666666
4.9 0.14
5.0 0.08666666666666667
5.1 0.04666666666666667
5.2 0.04
5.3 0.04666666666666667
5.4 0.03333333333333333
5.5 0.006666666666666667
5.6 0.006666666666666667
5.7 0.0
5.8 0.0
5.9 0.006666666666666667
6.0 0.006666666666666667
6.1 0.0
6.2 0.0
6.3 0.0
6.4 0.0
6.5 0.0
6.6 0.0
6.7 0.0
6.8 0.0
6.9 0.0
7.0 0.0
7.1 0.0
7.2 0.0
7.3 0.0
7.4 0.0
7.5 0.0
7.6 0.0
7.7 0.0
7.8 0.0
7.9 0.0
8.0 0.0
8.1 0.0
8.2 0.0
8.3 0.0
8.4 0.0
8.5 0.0
8.6 0.0
8.7 0.0
8.8 0.0
8.9 0.0
9.0 0.0
9.1 0.0
9.2 0.0
9.3 0.0
9.4 0.0
9.5 0.0
9.6 0.0
9.7 0.0
9.8 0.0
9.9 0.0
10.0 0.0
